0	0.138706
1	0.008000
2	0.008000
3	0.008000
4	0.008000
5	0.008000
6	0.008000
7	0.008000
8	0.008000
9	0.008000
10	0.008000
11	0.008000
12	0.008000
13	0.008000
14	0.008000
15	0.008000
16	0.008000
17	0.008000
18	0.008000
19	0.008000
20	0.008000
21	0.008000
22	0.008000
23	0.008000
24	0.008000
25	0.008000
26	0.008000
27	0.008000
28	0.008000
29	0.008000
30	0.008000
31	0.008000
32	0.008000
33	0.008000
34	0.008000
35	0.008000
36	0.008000
37	0.008000
38	0.008000
39	0.008000
40	0.008000
41	0.008000
42	0.008000
43	0.008000
44	0.008000
45	0.008000
46	0.008000
47	0.008000
48	0.008000
49	0.008000
50	0.008000
51	0.008000
52	0.008000
53	0.008000
54	0.008000
55	0.008000
56	0.008000
57	0.008000
58	0.008000
59	0.008000
60	0.008000
61	0.008000
62	0.008000
63	0.008000
64	0.008000
65	0.008000
66	0.008000
67	0.008000
68	0.008000
69	0.008000
70	0.008000
71	0.008000
72	0.008000
73	0.008000
74	0.008000
75	0.008000
76	0.008000
77	0.008000
78	0.008000
79	0.008000
80	0.008000
81	0.008000
82	0.008000
83	0.008000
84	0.008000
85	0.008000
86	0.008000
87	0.008000
88	0.008000
89	0.008000
90	0.008000
91	0.008000
92	0.008000
93	0.008000
94	0.008000
95	0.008000
96	0.008000
97	0.008000
98	0.008000
99	0.008000
100	0.008000
101	0.008000
102	0.008000
103	0.008000
104	0.008000
105	0.008000
106	0.008000
107	0.008000
108	0.008000
109	0.008000
110	0.008000
111	0.008000
112	0.008000
113	0.008000
114	0.008000
115	0.008000
116	0.008000
117	0.008000
118	0.008000
119	0.008000
120	0.008000
121	0.010296
122	0.009600
123	0.004706
124	0.007398
125	0.008000
126	0.008000
127	0.008000
128	0.008000
129	0.008000
130	0.014494
131	0.009600
132	0.009600
133	0.004706
134	0.004706
135	0.004894
136	0.008000
137	0.008000
138	0.008000
139	0.014494
140	0.014494
141	0.014494
142	0.014494
143	0.004706
144	0.004706
145	0.004706
146	0.004706
147	0.004706
148	0.014494
149	0.014494
150	0.014494
151	0.014494
152	0.014494
154	0.007247
155	0.009600
156	0.004706
157	0.004706
158	0.014494
160	0.007247
161	0.009600
164	0.008094
166	0.007247
167	0.009600
168	0.004706
169	0.004706
170	0.004706
171	0.009600
172	0.004705
173	0.004706
174	0.004706
175	0.004706
176	0.004706
177	0.004706
178	0.004706
179	0.004706
180	0.004706
181	0.004705
182	0.006777
183	0.008000
184	0.014494
185	0.004706
186	0.004800
187	0.008000
188	0.008000
189	0.008000
190	0.008000
191	0.008000
192	0.008000
193	0.014494
194	0.014494
195	0.004706
196	0.004706
197	0.004706
198	0.004894
199	0.008000
200	0.008000
201	0.008000
202	0.014494
203	0.014494
204	0.014494
205	0.004706
206	0.004706
207	0.004706
208	0.004706
209	0.004706
210	0.004988
211	0.014494
212	0.004706
213	0.014494
214	0.014494
215	0.014494
216	0.014494
217	0.009600
218	0.014494
219	0.004706
220	0.009600
221	0.004706
222	0.004706
223	0.004706
224	0.004706
225	0.004706
226	0.014494
227	0.014494
228	0.014494
229	0.009600
230	0.004706
232	0.007247
233	0.009600
234	0.004706
235	0.004706
236	0.004706
237	0.009600
238	0.009600
239	0.009600
240	0.009600
241	0.014494
242	0.009600
243	0.004706
244	0.009600
245	0.009600
246	0.009600
247	0.004706
248	0.004706
249	0.009600
250	0.009600
251	0.004705
252	0.009600
253	0.009600
254	0.009600
255	0.009600
256	0.004706
257	0.004706
258	0.009600
259	0.009600
260	0.009600
261	0.004706
262	0.004706
263	0.004706
264	0.004706
265	0.004706
266	0.004705
267	0.004706
268	0.004706
269	0.004706
270	0.004706
271	0.004706
272	0.004706
273	0.006494
274	0.014494
275	0.004706
276	0.004800
277	0.008000
278	0.008000
279	0.008000
280	0.008000
281	0.008000
282	0.008000
283	0.014494
284	0.014494
285	0.004706
286	0.004706
287	0.004706
288	0.004894
289	0.008000
290	0.008000
291	0.008000
292	0.014494
293	0.014494
294	0.009600
295	0.004706
296	0.004706
297	0.004706
298	0.004706
299	0.006588
300	0.008000
301	0.014494
302	0.009600
303	0.014494
304	0.009600
305	0.004706
306	0.004706
307	0.004706
308	0.004706
309	0.004988
310	0.014494
311	0.004706
312	0.014494
313	0.014494
314	0.004706
315	0.009600
316	0.004706
317	0.004706
318	0.004706
319	0.014494
320	0.004706
321	0.009600
322	0.014494
323	0.009600
324	0.009600
325	0.009600
326	0.004706
327	0.004706
328	0.009600
329	0.009600
330	0.004705
331	0.009600
332	0.009600
333	0.009600
334	0.014495
335	0.009600
336	0.009600
337	0.004705
338	0.004706
339	0.009600
340	0.009600
341	0.004706
342	0.009600
343	0.009600
344	0.009600
345	0.009600
346	0.014494
347	0.009600
348	0.009600
349	0.004706
350	0.004706
351	0.009600
352	0.009600
353	0.009600
354	0.004706
355	0.009600
356	0.009600
357	0.009600
358	0.009600
359	0.009600
360	0.009600
362	0.004800
363	0.004706
364	0.009600
365	0.009600
366	0.009600
367	0.004706
368	0.009600
369	0.009600
370	0.009600
371	0.009600
372	0.004706
373	0.009600
374	0.009600
375	0.009600
376	0.004705
377	0.009600
378	0.009600
379	0.004706
380	0.004706
381	0.004706
382	0.004706
383	0.004706
384	0.004706
385	0.004706
386	0.004706
387	0.004705
388	0.004706
389	0.004706
390	0.004706
391	0.005459
392	0.014494
393	0.004706
394	0.004800
395	0.008000
396	0.008000
397	0.008000
398	0.008000
399	0.008000
400	0.008000
401	0.014494
402	0.014494
403	0.004706
404	0.004706
405	0.004706
406	0.004894
407	0.008000
408	0.008000
409	0.008000
410	0.014494
411	0.009600
412	0.014494
413	0.004706
414	0.004706
415	0.004706
416	0.004706
417	0.006588
418	0.008000
419	0.014494
420	0.004706
421	0.014494
422	0.014494
423	0.004706
424	0.004706
425	0.004706
426	0.004706
427	0.004988
428	0.014494
429	0.004706
430	0.009600
431	0.014494
432	0.009600
433	0.009600
434	0.004706
435	0.004706
436	0.004706
437	0.014494
438	0.004706
439	0.009600
440	0.009600
441	0.009600
442	0.009600
443	0.014494
444	0.004706
445	0.004706
446	0.009600
447	0.009600
448	0.004705
449	0.009600
450	0.009600
451	0.009600
452	0.009600
453	0.004706
454	0.014494
455	0.009600
456	0.004706
457	0.009600
458	0.009600
459	0.004706
460	0.009600
461	0.009600
462	0.009600
463	0.009600
464	0.004706
465	0.009600
466	0.009600
467	0.014494
468	0.004706
469	0.009600
470	0.009600
471	0.009600
472	0.004706
473	0.009600
474	0.009600
475	0.009600
476	0.004706
477	0.009600
478	0.009600
479	0.009600
481	0.007247
482	0.009600
483	0.009600
484	0.009600
485	0.004706
486	0.009600
487	0.009600
488	0.004706
489	0.004706
490	0.004705
491	0.004706
492	0.004706
493	0.004706
494	0.004706
495	0.004706
496	0.004706
497	0.004706
498	0.004706
499	0.004705
500	0.005177
501	0.008000
502	0.008000
503	0.008000
504	0.008000
505	0.008000
506	0.008000
507	0.008000
508	0.008000
509	0.008000
510	0.008000
511	0.008000
512	0.008000
513	0.008000
514	0.008000
515	0.008000
516	0.008000
517	0.008000
518	0.008000
519	0.008000
520	0.008000
521	0.008000
522	0.008000
523	0.008000
524	0.008000
525	0.008000
526	0.008000
527	0.008000
528	0.008000
529	0.008000
530	0.008000
531	0.008000
532	0.008000
533	0.008000
534	0.008000
535	0.008000
536	0.008000
537	0.008000
538	0.008000
539	0.008000
540	0.008000
541	0.008000
542	0.008000
543	0.008000
544	0.008000
545	0.008000
546	0.008000
547	0.008000
548	0.008000
549	0.008000
No packets found
